1508794352.0
1508785063.0
1508768313.0
1508788182.0
1508800667.0
1508817867.0
1508812047.0
1508795132.0
1508799506.0
1508815239.0
1508806721.0
1508788298.0
1508799868.0
1508780655.0
1508812024.0
1508818079.0
1508754849.0
1508812860.0
1508799833.0
1508732240.0
1508737261.0
1508781951.0
1508787940.0
1508822564.0
1508764780.0
1508817355.0
1508738846.0
1508810460.0
1508817339.0
1508822068.0
1508713008.0
1508813740.0
1508748832.0
1508714637.0
1508798283.0
1508818289.0
1508801465.0
1508757180.0
1508795394.0
1508790281.0
1508760229.0
1508699686.0
1508763822.0
1508791785.0
1508820075.0
1508747369.0
1508811851.0
1508757869.0
1508800760.0
1508812686.0
1508799228.0
1508817494.0
1508787338.0
1508793086.0
1508717298.0
1508816133.0
1508817622.0
1508763649.0
1508785296.0
1508713310.0
1508770634.0
1508821103.0
1508793760.0
1508810706.0
1508757170.0
1508689632.0
1508811039.0
1508821396.0
1508824205.0
1508731046.0
1508823871.0
1508768861.0
1508783577.0
1508762486.0
1508817530.0
1508758994.0
1508756652.0
1508778326.0
1508703606.0
1508798190.0
1508734384.0
1508707119.0
1508781723.0
1508824360.0
1508823981.0
1508747691.0
1508823528.0
1508697900.0
1508750471.0
1508793830.0
1508777227.0
1508755203.0
1508712882.0
1508655723.0
1508731431.0
1508755422.0
1508746119.0
1508710174.0
1508790469.0
1508824341.0
